100  99  98  97  96  95  94  93  92  91
 81  82  83  84  85  86  87  88  89  90
 80  79  78  77  76  75  74  73  72  71
 61  62  63  64  65  66  67  68  69  70
 60  59  58  57  56  55  54  53  52  51
 41  42  43  44  45  46  47  48  49  50
 40  39  38  37  36  35  34  33  32  31
 21  22  23  24  25  26  27  28  29  30
 20  19  18  17  16  15  14  13  12  11
  1   2   3   4   5   6   7   8   9  10

 = 95
 = 89
 = 72
 = 64
 = 59
 = 50
 = 37
 = 25
 = 21
 = 16
 = 11
 = 4 

 = 98
 = 76
 = 84
 = 78
 = 65
 = 55
 = 48
 = 32
 = 27
 = 19
 = 14
 = 5 

 = 99
 = 56
 = 87
 = 60
 = 71
 = 53
 = 68
 = 40
 = 47
 = 29
 = 22
 = 8 



 = 97
 = 70
 = 86
 = 66
 = 63
 = 45
 = 54
 = 36
 = 31
 = 12
 = 24
 = 3 

 = 96
 = 88
 = 90
 = 75
 = 69
 = 52
 = 57
 = 41
 = 33
 = 28
 = 15
 = 7 

 = 91
 = 85
 = 83
 = 77
 = 78
 = 67
 = 51
 = 46
 = 34
 = 26
 = 13
 = 9 
